$ANSIBLE_VAULT;1.1;AES256
34646662626365323032323965393537636366373466646632653866306631353164383061373064
3462633334633438663330626264393362366366613864320a653038333434396661626634353163
61336261623666383633353063313236346333616330313830376363313064373564663663313431
6134646339386535660a363736616537653465646266616466666339333738383233636536383462
64323830626235646539313662336262336330653266323939623731383832333265623636316462
37323566333739656438343963663339666334343331303238613861376432633239363934623230
34666136646431366138613833333533646230633363393365646633616239633236356634303230
31653737346464323131666136666336383731636563636264333263646663346538613637313365
33336231333935336635323436313339306438646163373062333264613565373730393230383138
34353263666136333231376662326330623061333836333130656137623831653537616631396661
32663561306137663962646234333430623936663863636266643937306536303666356532316231
37343766353666336231323035323062393465316165353434316237323061326562626365396232
31393663333038316164616539323865383632363463646165366163313431616237373936383631
30393338333036643139626334366533633033373532636361636138373435366337353762643035
31393534373232396330613365613838303837333962663966633434333837663466396463363735
39363336636336373664663766346436653330373432646638373531363335343239336437396231
39623639356162613532336635336633623935366666386264373536373339303236373964616133
62323834386535633262623161656263383130343262636664636532646539636261373763366165
39323538653464326362663266373565316534326666343765346130623436616333373234366331
61623435326564626133366239656434306565646362323131646633646666373962663334376465
39303861633733326334646533613636303138653666656466356236363966343038393064373261
39306532383865373130356234366134393138613661373966366537396466386365383865396537
65633765613536386530363565346364393139656436363134363539373966386232383762363430
66616261383839326466343066363737316138363230366331396333396635616266373934313737
3064
