$ANSIBLE_VAULT;1.1;AES256
39396433353433333262616238666265323936643932353562333462373861616532646330626565
3435653765356230353064613036343438663032363864630a303932646466626437306234313033
39373039623534313531316230633234666564623964386439316531326131383766373431623436
6661613465646562390a366238653761633434656566656431353930303463633536393433633466
64313934356562663635386133626238386136633336373437313464306231316434326430653930
38633030383335373237613865323061326166636332653439386462323834363962343239316366
61633637633430613039386461613465376433366266666331633239333132336533646238656634
61396561653136613661343466633132653038633933383335343734656539633464343734623436
65323130656332326637333938636337636638393730666662636236393232393333363863363139
33383264333038666231356663353030653461623863663231366337383230636661393032326331
34363335626538303839393164363037303966636532316130666331343931633865623732373938
33353631623061393633326162613931656261663230316566396532383935313338653037373033
63653636656363343265373666633531393164623439366239343033323663663333366664343634
39336166383864336633613765643332353133336633626530356438333939323734336165393864
30643362313532366263323532376464373234303932643336383633633663393866363836373237
61353539356435386536616238393931613031643932613630343831376635373930343335316330
37633330373136613461366664306336376435653033636236396130613263363731303364363764
39363434363634366137303539363833643034313637646566316530336233303639316138343165
63393433313063643231623266336436373433303965326662393231313861626132646265376461
65646239396330336131396535396434663931343531326338316438316536633839316661386161
62376237643732323830616462656633313561323561353734376166613566396639303937323861
63323866653263333430643836373738316331386564616434323137386461303830366138613031
63303835326166316261333734383537623033633933393364346631303633326535613031613466
35346366633137326465376139363237303333653131653031323366656238663865366130396437
3265
