$ANSIBLE_VAULT;1.1;AES256
65376632653566363362323763356437643265656135396264313436656534366533653033393639
3562623030393337303632333961306466616565373862340a643766366133623665633835633663
33616130313361313465303739333263623365623062353035636438636565353034366664343561
6533333431613039390a373934353137396236376434623963633935663562663466613932396331
39383564656131393430386665336563613235343137323766643037333434636332383564306635
38343263326137616435393138653261636164336132326134653539303236633462313963313636
35633961633466383137306135346639353433653830623530626332663637366335363931653137
66343335336562666635316561356231376664663662306638613138313366616265646161356665
62613434366639363434343166323064366365313961323930363164343337626563653365366462
64313435643463366535316565316434656463316563313361633131353432643235613436663466
65383962373836346563313534313961343535363835396364323865393430626137303433323536
64376438376234393236643665653737643030376562336666396264346339646463656134316564
35396663616465666561656633313265656466383665656136366336353733663334653361303632
64363661666337663330393064393963353637383332663339366466316337613138613032363333
62613263623932643530626230643735626436616233336531373039666661306537323732383364
62316566333163613139
